0 0.282812 0.403275 0.025000 0.022096
0 0.973958 0.354167 0.018229 0.018229
0 0.036458 0.304036 0.013021 0.011719
0 0.369141 0.747396 0.029948 0.031250
0 0.489583 0.760417 0.018229 0.018229
0 0.471484 0.457031 0.015625 0.014323
0 0.836576 0.953125 0.014323 0.015625
0 0.438151 0.318359 0.027344 0.014323
0 0.353516 0.589844 0.011719 0.010417
0 0.651042 0.878906 0.015625 0.010417
0 0.973958 0.505208 0.020833 0.018229
0 0.477214 0.472656 0.011719 0.013021
0 0.432292 0.778646 0.020833 0.026042
0 0.971354 0.916016 0.026042 0.024740
0 0.202474 0.177734 0.027344 0.014323
0 0.740885 0.633464 0.026042 0.027344
0 0.466146 0.762370 0.015625 0.019531
0 0.477214 0.293620 0.024740 0.022135
