0 0.285313 0.816823 0.014323 0.014323
0 0.276276 0.690716 0.027344 0.023438
0 0.241563 0.710788 0.027344 0.061497
0 0.303086 0.679701 0.014323 0.014323
0 0.208021 0.880404 0.014323 0.014323
0 0.193060 0.832513 0.014323 0.014323
0 0.423229 0.006745 0.014323 0.013490
0 0.377708 0.129036 0.014323 0.014323
0 0.361602 0.167656 0.014323 0.014323
0 0.778385 0.786094 0.014323 0.014323
0 0.947109 0.615794 0.014323 0.014323
0 0.307279 0.555924 0.014323 0.014323
0 0.215273 0.607005 0.014323 0.014323
0 0.161862 0.661458 0.014323 0.014323
0 0.482728 0.779115 0.038893 0.028490
0 0.225039 0.785234 0.027344 0.023438
0 0.392760 0.722057 0.014323 0.014323
0 0.260378 0.824102 0.014323 0.014323
0 0.227122 0.814948 0.014323 0.014323
0 0.245000 0.804154 0.014323 0.014323
0 0.203359 0.732370 0.014323 0.014323
0 0.291172 0.751432 0.014323 0.014323
0 0.292552 0.718177 0.014323 0.014323
0 0.220990 0.666406 0.014323 0.014323
0 0.200000 0.669518 0.014323 0.014323
0 0.225143 0.650612 0.014323 0.014323
0 0.241563 0.666615 0.014323 0.014323
0 0.273359 0.643125 0.014323 0.014323
0 0.330495 0.679453 0.014323 0.014323
0 0.361979 0.812500 0.013021 0.010417
0 0.606771 0.983724 0.013021 0.011719
0 0.333984 0.256510 0.016927 0.013021
0 0.371745 0.706380 0.011719 0.011719
0 0.449219 0.961589 0.010417 0.009115
0 0.399740 0.467448 0.010417 0.010417
0 0.401693 0.248698 0.014323 0.013021
0 0.327474 0.944010 0.009115 0.010417
0 0.393229 0.800781 0.015625 0.013021
0 0.447917 0.119141 0.010417 0.009115
0 0.356771 0.457031 0.015625 0.010417
0 0.393880 0.906901 0.011719 0.011719
0 0.733073 0.527344 0.013021 0.013021
0 0.276042 0.873047 0.013021 0.014323
0 0.343750 0.753255 0.010417 0.011719
0 0.659505 0.628255 0.011719 0.011719
0 0.283854 0.960286 0.013021 0.011719
0 0.335286 0.619792 0.011719 0.013021
0 0.558594 0.780599 0.015625 0.014323
0 0.266276 0.786458 0.019531 0.015625
0 0.983724 0.817708 0.016927 0.015625
0 0.300130 0.266276 0.014323 0.014323
0 0.378255 0.301432 0.011719 0.011719
0 0.384115 0.677734 0.015625 0.014323
0 0.298177 0.899740 0.015625 0.015625
0 0.714193 0.112630 0.016927 0.014323
0 0.254557 0.322266 0.011719 0.011719
0 0.250651 0.383464 0.016927 0.014323
0 0.638672 0.008464 0.019531 0.016927
0 0.490885 0.900391 0.013021 0.011719
0 0.240234 0.046875 0.014323 0.010417
0 0.429036 0.602214 0.014323 0.014323
0 0.392578 0.569010 0.014323 0.013021
0 0.477865 0.828125 0.018229 0.018229
0 0.191406 0.186849 0.018229 0.014323
0 0.632161 0.590495 0.019531 0.016927
