0 0.352865 0.990885 0.015625 0.015625
0 0.943359 0.447917 0.016927 0.020833
0 0.309245 0.994792 0.014323 0.010417
0 0.809245 0.738281 0.019531 0.015625
0 0.186198 0.236979 0.023438 0.026042
0 0.810547 0.096354 0.019531 0.018229
0 0.462240 0.934245 0.018229 0.014323
0 0.282786 0.849193 0.019531 0.019531
0 0.798828 0.025391 0.016927 0.014323
0 0.918620 0.218099 0.016927 0.016927
0 0.580078 0.337891 0.016927 0.016927
0 0.645182 0.242188 0.022135 0.015625
0 0.033854 0.910156 0.026042 0.020833
0 0.136068 0.633464 0.011719 0.014323
0 0.589193 0.461589 0.019531 0.016927
0 0.040365 0.322266 0.020833 0.019531
0 0.339844 0.536458 0.020833 0.020833
0 0.103424 0.624792 0.016927 0.019531
