0 0.529948 0.500651 0.015625 0.016927
0 0.358724 0.837240 0.014323 0.015625
0 0.668620 0.269531 0.014323 0.015625
0 0.095052 0.966797 0.023438 0.022135
0 0.152995 0.439453 0.014323 0.014323
0 0.828125 0.065755 0.020833 0.019531
0 0.402995 0.120443 0.022135 0.019531
0 0.133464 0.851562 0.014323 0.013021
0 0.414062 0.327474 0.013021 0.016927
0 0.947917 0.134766 0.020833 0.016927
0 0.182292 0.605469 0.018229 0.018229
0 0.539062 0.166667 0.020833 0.018229
0 0.160156 0.921224 0.018229 0.014323
0 0.175130 0.041667 0.019531 0.020833
0 0.411458 0.455729 0.013021 0.015625
0 0.939453 0.059245 0.016927 0.024740
0 0.671224 0.990885 0.022135 0.013021
0 0.481771 0.645182 0.023438 0.016927
0 0.919271 0.323568 0.018229 0.016927
0 0.865234 0.094401 0.027344 0.022135
0 0.375651 0.410807 0.014323 0.014323
0 0.488932 0.140625 0.022135 0.018229
0 0.317708 0.892578 0.018229 0.016927
0 0.261068 0.164714 0.019531 0.022135
0 0.289062 0.370443 0.018229 0.016927
0 0.010417 0.808594 0.015625 0.018229
0 0.495443 0.723958 0.011719 0.013021
