0 0.982422 0.802734 0.027344 0.022135
0 0.992188 0.053385 0.015625 0.020833
0 0.984375 0.972656 0.015625 0.020833
0 0.927734 0.902995 0.011719 0.014323
0 0.728516 0.479167 0.019531 0.018229
0 0.311849 0.026042 0.027344 0.028646
0 0.851562 0.195964 0.023438 0.022135
0 0.784505 0.619792 0.032552 0.028646
0 0.796224 0.138672 0.014323 0.016927
0 0.954427 0.861328 0.026042 0.024740
0 0.635417 0.296875 0.015625 0.018229
0 0.447266 0.516276 0.029948 0.022135
0 0.342448 0.045573 0.018229 0.018229
0 0.285156 0.583984 0.026042 0.024740
0 0.388672 0.245443 0.024740 0.022135
0 0.890625 0.828776 0.023438 0.022135
0 0.596354 0.873047 0.028646 0.016927
0 0.415365 0.559896 0.028646 0.026042
0 0.875651 0.746745 0.019531 0.016927
0 0.526693 0.544271 0.022135 0.023438
