0 0.960286 0.676432 0.014323 0.011719
0 0.818359 0.666016 0.022135 0.022135
0 0.713542 0.645833 0.018229 0.015625
0 0.550130 0.572917 0.024740 0.020833
0 0.527995 0.853516 0.016927 0.016927
0 0.807292 0.322917 0.018229 0.020833
0 0.566406 0.980469 0.023438 0.020833
0 0.071615 0.332682 0.015625 0.014323
0 0.770182 0.819661 0.014323 0.014323
0 0.777344 0.233724 0.018229 0.016927
0 0.689453 0.410156 0.016927 0.015625
0 0.889323 0.940104 0.018229 0.015625
0 0.860026 0.967448 0.016927 0.015625
0 0.298828 0.377604 0.014323 0.015625
0 0.970703 0.625651 0.022135 0.024740
0 0.038411 0.434896 0.022135 0.018229
0 0.473307 0.904297 0.011719 0.011719
0 0.597656 0.479167 0.018229 0.013021
0 0.747396 0.074219 0.010417 0.010417
0 0.929688 0.820312 0.018229 0.018229
0 0.363932 0.447917 0.011719 0.013021
0 0.636068 0.378906 0.016927 0.013021
0 0.704427 0.496745 0.015625 0.014323
0 0.977865 0.844401 0.028646 0.029948
0 0.938802 0.845703 0.018229 0.014323
0 0.567708 0.521484 0.020833 0.014323
0 0.805990 0.112630 0.015625 0.011719
