0 0.263672 0.584635 0.014323 0.015625
0 0.743490 0.617839 0.015625 0.014323
0 0.544271 0.356771 0.015625 0.010417
0 0.734375 0.616536 0.023438 0.016927
0 0.720703 0.615234 0.014323 0.014323
0 0.167969 0.253906 0.020833 0.020833
0 0.544271 0.712891 0.015625 0.011719
0 0.302734 0.527344 0.016927 0.015625
0 0.768229 0.992839 0.018229 0.011719
0 0.713542 0.036458 0.023438 0.026042
0 0.467448 0.905599 0.018229 0.016927
0 0.855469 0.546224 0.026042 0.022135
0 0.864583 0.193359 0.026042 0.019531
0 0.542969 0.527344 0.028646 0.026042
