0 0.936198 0.577474 0.010417 0.009115
0 0.638672 0.913411 0.019531 0.016927
0 0.772786 0.587891 0.022135 0.022135
0 0.279297 0.631510 0.011719 0.010417
0 0.977214 0.699219 0.022135 0.018229
0 0.138672 0.356120 0.014323 0.014323
0 0.486328 0.184245 0.014323 0.014323
0 0.229167 0.092448 0.023438 0.015625
0 0.443587 0.721868 0.016471 0.022148
0 0.647786 0.982422 0.016927 0.014323
0 0.627604 0.606120 0.018229 0.016927
0 0.901042 0.677734 0.020833 0.011719
0 0.864583 0.773438 0.018229 0.015625
0 0.725260 0.767578 0.018229 0.014323
0 0.690104 0.561849 0.018229 0.016927
0 0.536458 0.115885 0.020833 0.018229
0 0.355469 0.426432 0.018229 0.011719
0 0.968099 0.263672 0.019531 0.016927
