0 0.173828 0.376953 0.016927 0.014323
0 0.990885 0.845703 0.015625 0.014323
0 0.404948 0.589844 0.026042 0.023438
0 0.234375 0.789714 0.026042 0.019531
0 0.117839 0.015625 0.022135 0.018229
0 0.820964 0.750000 0.019531 0.023438
0 0.192708 0.219401 0.013021 0.011719
0 0.416016 0.606120 0.022135 0.014323
0 0.397786 0.955729 0.024740 0.018229
0 0.248047 0.991536 0.016927 0.011719
0 0.324870 0.992839 0.016927 0.014323
0 0.398438 0.585286 0.018229 0.016927
0 0.655599 0.210938 0.022135 0.020833
0 0.313802 0.337240 0.020833 0.018229
0 0.216146 0.323568 0.023438 0.019531
0 0.105469 0.179688 0.020833 0.015625
