0 0.960286 0.884115 0.024740 0.020833
0 0.976562 0.917969 0.015625 0.015625
0 0.527995 0.454427 0.016927 0.015625
0 0.966797 0.684896 0.009115 0.007812
0 0.889323 0.022135 0.015625 0.018229
0 0.629557 0.187500 0.016927 0.018229
0 0.820964 0.527344 0.016927 0.015625
0 0.800781 0.962240 0.020833 0.015625
0 0.569010 0.212240 0.026042 0.020833
0 0.983724 0.360026 0.019531 0.016927
0 0.981771 0.408854 0.020833 0.015625
0 0.969401 0.746094 0.024740 0.026042
0 0.717448 0.474609 0.023438 0.022135
0 0.959635 0.982422 0.028646 0.024740
