0 0.253255 0.688151 0.014323 0.016927
0 0.709635 0.205078 0.015625 0.019531
0 0.595703 0.983073 0.032552 0.023438
0 0.532552 0.205729 0.013021 0.013021
0 0.248047 0.632812 0.029948 0.028646
0 0.559245 0.227214 0.019531 0.016927
0 0.698568 0.809245 0.011719 0.011719
0 0.622396 0.144531 0.026042 0.018229
0 0.343099 0.056641 0.014323 0.011719
0 0.088542 0.815755 0.018229 0.016927
0 0.635417 0.152344 0.023438 0.020833
0 0.945964 0.620443 0.022135 0.016927
0 0.602865 0.201823 0.020833 0.018229
0 0.855469 0.328125 0.023438 0.015625
0 0.207031 0.111328 0.020833 0.014323
0 0.115234 0.602214 0.029948 0.022135
0 0.115885 0.686198 0.015625 0.015625
0 0.817708 0.566406 0.015625 0.018229
0 0.364583 0.041016 0.026042 0.022135
0 0.420573 0.312500 0.015625 0.015625
0 0.253906 0.612630 0.026042 0.022135
0 0.676432 0.307943 0.019531 0.014323
0 0.499349 0.436849 0.024740 0.024740
0 0.569661 0.360677 0.014323 0.015625
0 0.346354 0.389323 0.013021 0.015625
0 0.005859 0.909505 0.011719 0.016927
0 0.565104 0.177083 0.018229 0.018229
0 0.281901 0.990885 0.019531 0.015625
0 0.746094 0.550130 0.015625 0.016927
0 0.010417 0.734375 0.018229 0.015625
0 0.372396 0.927734 0.015625 0.014323
0 0.519531 0.229818 0.018229 0.022135
0 0.975911 0.212240 0.016927 0.015625
0 0.583333 0.138021 0.015625 0.013021
0 0.570964 0.585938 0.014323 0.015625
0 0.516641 0.712357 0.024740 0.022135
0 0.388672 0.511068 0.016927 0.014323
0 0.954427 0.064453 0.013021 0.014323
