0 0.932943 0.805990 0.022135 0.018229
0 0.250000 0.494141 0.020833 0.016927
0 0.695964 0.891927 0.029948 0.031250
0 0.457682 0.169922 0.037760 0.035156
0 0.923828 0.124349 0.014323 0.014323
0 0.423828 0.294271 0.027344 0.023438
0 0.227865 0.292969 0.020833 0.020833
0 0.956380 0.590495 0.016927 0.016927
0 0.613281 0.315755 0.026042 0.019531
0 0.303385 0.635417 0.028646 0.023438
0 0.727214 0.246094 0.019531 0.018229
0 0.986328 0.779297 0.016927 0.016927
0 0.412760 0.936849 0.020833 0.022135
0 0.311849 0.405599 0.016927 0.016927
0 0.342448 0.815104 0.023438 0.026042
0 0.489583 0.408203 0.013021 0.014323
0 0.358724 0.482422 0.016927 0.014323
0 0.407552 0.838542 0.015625 0.015625
0 0.837891 0.405599 0.014323 0.014323
0 0.516276 0.012370 0.027344 0.024740
0 0.621094 0.180990 0.013021 0.013021
0 0.533854 0.513672 0.020833 0.019531
0 0.337891 0.620443 0.011719 0.011719
0 0.958333 0.460938 0.007812 0.007812
0 0.651042 0.341797 0.013021 0.014323
0 0.858073 0.470703 0.026042 0.022135
