0 0.311198 0.359375 0.041667 0.041667
0 0.368490 0.283203 0.015625 0.016927
0 0.212891 0.623698 0.022135 0.020833
0 0.283203 0.125651 0.029948 0.029948
0 0.563151 0.201823 0.019531 0.020833
0 0.097656 0.319661 0.018229 0.016927
0 0.507812 0.731120 0.023438 0.027344
0 0.196615 0.567708 0.023438 0.020833
0 0.388672 0.402995 0.022135 0.014323
0 0.221354 0.015625 0.026042 0.023438
0 0.401042 0.733073 0.039062 0.036458
0 0.312500 0.172526 0.033854 0.027344
0 0.499349 0.314453 0.035156 0.029948
0 0.391276 0.647135 0.022135 0.023438
0 0.138021 0.660156 0.020833 0.020833
0 0.155599 0.305339 0.029948 0.029948
0 0.542969 0.800781 0.028646 0.023438
0 0.517578 0.119141 0.035156 0.024740
0 0.168620 0.574870 0.019531 0.019531
0 0.383464 0.157552 0.027344 0.033854
0 0.149089 0.774740 0.011719 0.013021
0 0.178385 0.571615 0.028646 0.023438
