0 0.101562 0.701823 0.018229 0.020833
0 0.112630 0.091797 0.022135 0.022135
0 0.393229 0.594401 0.026042 0.024740
0 0.755208 0.931641 0.015625 0.014323
0 0.126953 0.674479 0.019531 0.023438
0 0.929036 0.727865 0.032552 0.031250
0 0.452474 0.581380 0.016927 0.016927
0 0.043620 0.205729 0.014323 0.013021
0 0.487630 0.561198 0.014323 0.013021
0 0.744141 0.112630 0.014323 0.011719
0 0.794922 0.973958 0.014323 0.013021
0 0.852865 0.082682 0.018229 0.016927
0 0.808594 0.767578 0.031250 0.035156
0 0.708333 0.236979 0.020833 0.018229
0 0.555339 0.265625 0.022135 0.018229
0 0.621094 0.544271 0.028646 0.023438
0 0.003906 0.875000 0.007812 0.013021
0 0.376953 0.628255 0.032552 0.029948
