0 0.043620 0.287109 0.016927 0.014323
0 0.694661 0.750651 0.027344 0.014323
0 0.159505 0.181641 0.009115 0.009115
0 0.611328 0.729818 0.011719 0.011719
0 0.922526 0.406901 0.014323 0.014323
0 0.101562 0.575521 0.010417 0.013021
0 0.520182 0.527995 0.014323 0.016927
0 0.406250 0.334635 0.015625 0.018229
0 0.641276 0.477214 0.014323 0.014323
0 0.026042 0.882161 0.013021 0.014323
0 0.782552 0.589844 0.015625 0.015625
0 0.576823 0.696615 0.020833 0.018229
0 0.132161 0.682292 0.011719 0.013021
0 0.356771 0.762370 0.013021 0.011719
