0 0.272786 0.497396 0.011719 0.010417
0 0.995443 0.500651 0.009115 0.011719
0 0.755208 0.388021 0.015625 0.015625
0 0.210286 0.416667 0.011719 0.013021
0 0.712240 0.237630 0.020833 0.022135
0 0.697266 0.464844 0.014323 0.010417
0 0.524740 0.472005 0.026042 0.016927
0 0.822266 0.212891 0.022135 0.019531
0 0.225260 0.467448 0.013021 0.013021
0 0.738281 0.478516 0.018229 0.016927
0 0.725260 0.446615 0.015625 0.018229
0 0.526042 0.501302 0.013021 0.013021
0 0.600260 0.158854 0.015625 0.015625
0 0.784505 0.441406 0.014323 0.013021
