0 0.607422 0.270833 0.011719 0.010417
0 0.815104 0.231120 0.023438 0.022135
0 0.462240 0.818359 0.023438 0.022135
0 0.610026 0.547526 0.016927 0.019531
0 0.022786 0.396484 0.024740 0.027344
0 0.860026 0.189453 0.019531 0.016927
0 0.044922 0.539714 0.014323 0.014323
0 0.362630 0.018880 0.014323 0.014323
0 0.098307 0.305990 0.019531 0.018229
0 0.993490 0.018880 0.013021 0.019531
0 0.494792 0.337240 0.013021 0.018229
0 0.660156 0.495443 0.018229 0.019531
0 0.816406 0.862630 0.026042 0.027344
0 0.685547 0.314453 0.029948 0.022135
