0 0.555339 0.067708 0.016927 0.015625
0 0.079427 0.631510 0.039062 0.041667
0 0.535156 0.083333 0.020833 0.020833
0 0.180990 0.643880 0.036458 0.037760
0 0.141927 0.748047 0.028646 0.024740
0 0.572266 0.537109 0.022135 0.016927
0 0.151042 0.568359 0.041667 0.037760
0 0.046875 0.571615 0.031250 0.023438
0 0.110677 0.853516 0.023438 0.022135
0 0.010417 0.968099 0.018229 0.016927
0 0.971354 0.061849 0.018229 0.014323
0 0.948568 0.608724 0.014323 0.016927
0 0.150911 0.667474 0.031250 0.023438
0 0.152428 0.708372 0.018320 0.023438
0 0.121745 0.352865 0.022135 0.023438
0 0.662109 0.311849 0.016927 0.014323
