0 0.559245 0.078776 0.011719 0.014323
0 0.848307 0.527344 0.019531 0.015625
0 0.947266 0.315755 0.019531 0.014323
0 0.646484 0.977865 0.024740 0.015625
0 0.782552 0.003906 0.013021 0.007812
0 0.124349 0.246094 0.014323 0.013021
0 0.102214 0.030599 0.022135 0.022135
0 0.743490 0.005208 0.013021 0.010417
0 0.562500 0.606771 0.010417 0.010417
0 0.136068 0.069661 0.014323 0.011719
0 0.472005 0.891276 0.014323 0.011719
0 0.154948 0.125000 0.013021 0.020833
0 0.277344 0.448568 0.015625 0.016927
0 0.365586 0.346380 0.016927 0.014323
0 0.701172 0.125651 0.029948 0.024740
0 0.733698 0.015286 0.016927 0.014323
0 0.123698 0.264323 0.015625 0.020833
