0 0.868503 0.987826 0.045573 0.024349
0 0.313151 0.272786 0.035156 0.024740
0 0.421875 0.670573 0.033854 0.028646
0 0.378906 0.305339 0.020833 0.014323
0 0.061849 0.142578 0.032552 0.035156
0 0.285156 0.160156 0.020833 0.018229
0 0.487630 0.701172 0.019531 0.019531
0 0.204427 0.205729 0.033854 0.028646
0 0.255859 0.505208 0.029948 0.026042
0 0.961589 0.419922 0.024740 0.024740
0 0.546224 0.994141 0.019531 0.011719
0 0.143229 0.007812 0.018229 0.013021
0 0.374349 0.942057 0.029948 0.032552
0 0.628255 0.374349 0.016927 0.022135
0 0.117839 0.663411 0.019531 0.016927
0 0.899089 0.982422 0.019531 0.014323
0 0.773438 0.102865 0.013021 0.013021
0 0.275391 0.545573 0.011719 0.010417
0 0.993490 0.582031 0.013021 0.018229
0 0.140625 0.893880 0.013021 0.014323
