0 0.278776 0.379010 0.018464 0.017656
0 0.224388 0.371263 0.020833 0.020833
0 0.198958 0.370885 0.032552 0.040000
0 0.013672 0.848958 0.027344 0.026042
0 0.735677 0.686198 0.023438 0.018229
0 0.951172 0.189453 0.019531 0.016927
0 0.837891 0.207682 0.024740 0.014323
0 0.274089 0.100911 0.024740 0.022135
0 0.575521 0.611328 0.018229 0.014323
0 0.851562 0.572917 0.023438 0.023438
0 0.453125 0.988932 0.023438 0.022135
0 0.013021 0.316406 0.020833 0.020833
0 0.624349 0.557943 0.022135 0.019531
0 0.740234 0.895182 0.014323 0.014323
0 0.659505 0.606771 0.019531 0.015625
0 0.390625 0.051432 0.015625 0.016927
0 0.990885 0.796224 0.018229 0.016927
0 0.956380 0.068359 0.019531 0.019531
0 0.644531 0.483724 0.028646 0.022135
0 0.599609 0.704427 0.019531 0.018229
0 0.800781 0.357422 0.015625 0.016927
