0 0.930990 0.307943 0.031250 0.019531
0 0.757161 0.011068 0.019531 0.022135
0 0.900391 0.117839 0.024740 0.024740
0 0.544271 0.254557 0.023438 0.016927
0 0.924479 0.662760 0.023438 0.020833
0 0.633464 0.507812 0.024740 0.026042
0 0.365234 0.070964 0.014323 0.014323
0 0.748047 0.458333 0.022135 0.018229
0 0.759766 0.240885 0.029948 0.020833
0 0.738932 0.932292 0.019531 0.020833
0 0.266927 0.270833 0.023438 0.023438
0 0.983724 0.227865 0.027344 0.026042
0 0.964844 0.543620 0.018229 0.016927
0 0.876302 0.245443 0.033854 0.022135
0 0.095052 0.411458 0.013021 0.013021
0 0.853516 0.520182 0.022135 0.024740
0 0.324219 0.336589 0.018229 0.016927
0 0.778646 0.327474 0.026042 0.027344
0 0.609375 0.878906 0.018229 0.020833
0 0.823568 0.283854 0.024740 0.023438
0 0.983073 0.005208 0.023438 0.010417
0 0.985026 0.288411 0.022135 0.014323
0 0.055990 0.821615 0.015625 0.015625
0 0.957031 0.111979 0.013021 0.013021
