0 0.799219 0.621497 0.016927 0.014323
0 0.520833 0.550130 0.015625 0.014323
0 0.628906 0.735677 0.023438 0.026042
0 0.387370 0.147786 0.016927 0.014323
0 0.994792 0.361328 0.010417 0.016927
0 0.422526 0.770182 0.022135 0.022135
0 0.914062 0.813802 0.026042 0.026042
0 0.087891 0.731120 0.014323 0.014323
0 0.257812 0.708333 0.018229 0.018229
0 0.579427 0.250000 0.013021 0.013021
0 0.577474 0.255208 0.016927 0.015625
0 0.638672 0.468099 0.014323 0.016927
0 0.579427 0.508464 0.010417 0.011719
0 0.488932 0.561198 0.016927 0.018229
0 0.024740 0.843750 0.010417 0.010417
