0 0.169922 0.938802 0.019531 0.015625
0 0.351562 0.542969 0.020833 0.018229
0 0.194010 0.748698 0.023438 0.020833
0 0.843750 0.007812 0.023438 0.015625
0 0.030599 0.694661 0.016927 0.022135
0 0.937500 0.116536 0.015625 0.016927
0 0.156901 0.778646 0.016927 0.018229
0 0.143229 0.060547 0.010417 0.009115
0 0.384115 0.925130 0.020833 0.019531
0 0.972656 0.162109 0.023438 0.016927
0 0.180990 0.641276 0.031250 0.027344
0 0.244792 0.346354 0.018229 0.015625
0 0.745443 0.862630 0.022135 0.019531
0 0.824870 0.261719 0.024740 0.023438
0 0.298177 0.140625 0.018229 0.015625
0 0.033203 0.354167 0.022135 0.018229
