0 0.643880 0.279297 0.022135 0.014323
0 0.222396 0.588932 0.013021 0.014323
0 0.545573 0.759115 0.020833 0.018229
0 0.651042 0.739583 0.028646 0.023438
0 0.201172 0.279948 0.022135 0.018229
0 0.735026 0.682943 0.024740 0.019531
0 0.562500 0.916016 0.020833 0.022135
0 0.149089 0.029948 0.016927 0.013021
0 0.906250 0.330729 0.023438 0.018229
0 0.147786 0.436849 0.019531 0.016927
0 0.574870 0.790365 0.022135 0.018229
0 0.224609 0.345052 0.014323 0.015625
0 0.704427 0.395182 0.020833 0.022135
0 0.914062 0.233724 0.013021 0.014323
0 0.203125 0.615234 0.013021 0.014323
0 0.957682 0.383464 0.014323 0.014323
0 0.123047 0.277344 0.014323 0.013021
0 0.447266 0.994141 0.014323 0.011719
0 0.386068 0.768229 0.016927 0.013021
0 0.069010 0.384766 0.013021 0.011719
0 0.443359 0.838542 0.016927 0.020833
0 0.865885 0.057943 0.015625 0.014323
0 0.154948 0.541667 0.015625 0.018229
0 0.685547 0.498698 0.022135 0.023438
0 0.763021 0.373047 0.018229 0.014323
0 0.682943 0.675130 0.016927 0.014323
0 0.815755 0.227865 0.019531 0.013021
0 0.842448 0.059245 0.015625 0.014323
0 0.763021 0.483073 0.013021 0.013021
0 0.777344 0.620443 0.018229 0.016927
0 0.250651 0.731120 0.011719 0.014323
0 0.782552 0.221354 0.015625 0.015625
0 0.954427 0.496745 0.015625 0.014323
0 0.823568 0.552734 0.014323 0.014323
0 0.881510 0.503255 0.013021 0.014323
0 0.820964 0.471354 0.011719 0.013021
0 0.843099 0.137370 0.016927 0.016927
0 0.748698 0.513021 0.015625 0.015625
0 0.632161 0.620443 0.014323 0.014323
0 0.721354 0.361328 0.010417 0.009115
0 0.795573 0.223307 0.026042 0.014323
0 0.775391 0.505859 0.011719 0.011719
