0 0.313151 0.582031 0.024740 0.026042
0 0.007161 0.277995 0.014323 0.027344
0 0.005208 0.274740 0.010417 0.018229
0 0.987630 0.101562 0.022135 0.015625
0 0.129557 0.193359 0.022135 0.024740
0 0.791667 0.175130 0.020833 0.022135
0 0.166016 0.666667 0.032552 0.015625
0 0.186198 0.946615 0.023438 0.020833
0 0.534505 0.952474 0.024740 0.027344
0 0.203125 0.133464 0.028646 0.027344
0 0.302083 0.178385 0.023438 0.018229
0 0.292318 0.649740 0.024740 0.020833
0 0.918620 0.690104 0.029948 0.028646
0 0.548177 0.388672 0.023438 0.024740
0 0.565104 0.931641 0.023438 0.022135
0 0.448568 0.852865 0.022135 0.018229
0 0.017578 0.728516 0.019531 0.019531
0 0.172799 0.791751 0.018203 0.015716
