0 0.070964 0.797526 0.024740 0.019531
0 0.858737 0.035521 0.022135 0.018229
0 0.636719 0.804688 0.015625 0.013021
0 0.293620 0.014974 0.016927 0.016927
0 0.604167 0.009115 0.015625 0.013021
0 0.419922 0.729818 0.014323 0.016927
0 0.983073 0.171224 0.020833 0.014323
0 0.429036 0.221354 0.019531 0.023438
0 0.696615 0.178385 0.018229 0.018229
0 0.196615 0.202474 0.031250 0.022135
0 0.919271 0.528646 0.020833 0.018229
0 0.328125 0.160156 0.018229 0.015625
0 0.416667 0.316406 0.023438 0.023438
0 0.883464 0.009115 0.022135 0.015625
0 0.664062 0.761719 0.018229 0.018229
0 0.333333 0.857422 0.018229 0.019531
0 0.388672 0.806641 0.019531 0.022135
0 0.356771 0.210286 0.018229 0.014323
0 0.771484 0.645833 0.024740 0.018229
0 0.271484 0.166667 0.019531 0.020833
0 0.460286 0.022135 0.022135 0.023438
0 0.485026 0.735677 0.022135 0.020833
0 0.820312 0.252604 0.018229 0.018229
0 0.314453 0.766276 0.019531 0.016927
0 0.123698 0.897786 0.020833 0.019531
0 0.742188 0.498698 0.020833 0.015625
0 0.160807 0.283854 0.024740 0.023438
0 0.013021 0.720052 0.018229 0.018229
0 0.242839 0.522135 0.019531 0.015625
0 0.397786 0.555990 0.019531 0.015625
0 0.727214 0.632161 0.022135 0.016927
0 0.356771 0.046224 0.023438 0.022135
0 0.615234 0.497396 0.019531 0.018229
0 0.270833 0.763021 0.020833 0.018229
0 0.458333 0.401693 0.026042 0.022135
0 0.137370 0.968750 0.022135 0.023438
0 0.084635 0.530599 0.023438 0.019531
0 0.155599 0.731120 0.022135 0.022135
0 0.550130 0.078776 0.022135 0.022135
0 0.607422 0.618490 0.022135 0.023438
0 0.112630 0.596354 0.022135 0.018229
0 0.492839 0.268880 0.022135 0.019531
0 0.566406 0.805339 0.028646 0.022135
