0 0.599609 0.325521 0.022135 0.023438
0 0.438802 0.399740 0.033854 0.033854
0 0.755859 0.101562 0.035156 0.033854
0 0.029948 0.515625 0.046875 0.049479
0 0.690104 0.866536 0.018229 0.016927
0 0.656901 0.841146 0.019531 0.023438
0 0.504557 0.336589 0.016927 0.014323
0 0.655599 0.942057 0.014323 0.016927
0 0.361328 0.026042 0.016927 0.018229
0 0.981120 0.052734 0.029948 0.029948
0 0.313802 0.021484 0.036458 0.029948
0 0.556641 0.565104 0.014323 0.015625
0 0.819010 0.022786 0.018229 0.019531
0 0.238281 0.201172 0.018229 0.016927
0 0.614583 0.421224 0.010417 0.009115
0 0.986328 0.678385 0.024740 0.026042
0 0.724609 0.985677 0.029948 0.026042
0 0.506510 0.474609 0.023438 0.019531
0 0.763672 0.059245 0.024740 0.024740
0 0.479167 0.938802 0.018229 0.018229
0 0.591797 0.315104 0.016927 0.015625
0 0.608724 0.346354 0.014323 0.015625
0 0.557292 0.964844 0.018229 0.018229
0 0.688802 0.089844 0.023438 0.018229
0 0.584635 0.496094 0.026042 0.023438
0 0.623047 0.173177 0.027344 0.026042
0 0.559896 0.093099 0.018229 0.019531
0 0.925781 0.676432 0.020833 0.016927
0 0.762370 0.794922 0.032552 0.029948
0 0.525391 0.368490 0.024740 0.020833
