0 0.791016 0.195964 0.016927 0.019531
0 0.503906 0.363281 0.015625 0.018229
0 0.449219 0.334635 0.015625 0.013021
0 0.304688 0.462891 0.015625 0.014323
0 0.563151 0.824870 0.014323 0.016927
0 0.471354 0.384115 0.018229 0.018229
0 0.494141 0.937500 0.016927 0.020833
0 0.068359 0.436198 0.014323 0.018229
0 0.166016 0.413411 0.024740 0.016927
0 0.302083 0.332682 0.020833 0.022135
0 0.438151 0.863932 0.014323 0.011719
0 0.059245 0.751953 0.019531 0.019531
0 0.897786 0.434896 0.022135 0.020833
0 0.607422 0.726562 0.019531 0.018229
0 0.440104 0.552734 0.015625 0.011719
0 0.837891 0.417318 0.016927 0.016927
0 0.912760 0.028646 0.015625 0.015625
0 0.056641 0.843099 0.011719 0.011719
0 0.731771 0.104167 0.015625 0.015625
0 0.993490 0.457031 0.013021 0.015625
0 0.669922 0.102214 0.022135 0.016927
0 0.549479 0.541667 0.031250 0.026042
0 0.659505 0.303385 0.016927 0.018229
0 0.979818 0.265625 0.022135 0.023438
0 0.634115 0.070312 0.018229 0.018229
0 0.037760 0.682943 0.020833 0.016927
0 0.725260 0.639974 0.018229 0.014323
0 0.755208 0.139323 0.015625 0.020833
0 0.297526 0.019531 0.009115 0.013021
0 0.666667 0.687500 0.020833 0.020833
0 0.835938 0.448568 0.015625 0.019531
0 0.789062 0.869141 0.013021 0.014323
