0 0.911458 0.221354 0.018229 0.018229
0 0.891276 0.232422 0.014323 0.014323
0 0.369141 0.284505 0.014323 0.011719
0 0.687500 0.291016 0.013021 0.014323
0 0.172526 0.588542 0.016927 0.018229
0 0.605469 0.127604 0.015625 0.015625
0 0.095052 0.184896 0.013021 0.015625
0 0.619792 0.334635 0.018229 0.018229
0 0.473958 0.573568 0.013021 0.011719
0 0.167318 0.152995 0.016927 0.016927
0 0.449870 0.405599 0.016927 0.011719
0 0.541667 0.253255 0.018229 0.014323
0 0.434896 0.377604 0.015625 0.015625
0 0.610677 0.553385 0.020833 0.020833
0 0.841797 0.098958 0.016927 0.013021
0 0.310547 0.751302 0.024740 0.026042
0 0.076823 0.152995 0.018229 0.019531
0 0.947917 0.272786 0.018229 0.016927
0 0.151042 0.649089 0.015625 0.016927
0 0.445312 0.633464 0.013021 0.009115
0 0.882161 0.143880 0.016927 0.014323
0 0.051432 0.421224 0.019531 0.019531
0 0.182292 0.484375 0.013021 0.015625
0 0.237630 0.163411 0.019531 0.016927
0 0.528646 0.700521 0.018229 0.020833
0 0.903646 0.863932 0.013021 0.016927
0 0.268880 0.199870 0.014323 0.014323
0 0.666016 0.692708 0.016927 0.015625
0 0.151042 0.432943 0.020833 0.019531
0 0.103516 0.301432 0.016927 0.016927
0 0.806641 0.360677 0.019531 0.018229
0 0.132812 0.939453 0.015625 0.014323
0 0.581380 0.268880 0.014323 0.014323
0 0.419922 0.136068 0.016927 0.016927
0 0.485677 0.520182 0.015625 0.019531
0 0.962240 0.387370 0.015625 0.014323
0 0.744792 0.804688 0.020833 0.018229
0 0.539062 0.632161 0.018229 0.016927
0 0.140625 0.242839 0.020833 0.019531
0 0.050781 0.937500 0.015625 0.015625
0 0.113932 0.618490 0.019531 0.015625
