0 0.514974 0.442057 0.019531 0.019531
0 0.957370 0.966914 0.015625 0.014323
0 0.358581 0.245807 0.015625 0.014323
0 0.670573 0.993490 0.013021 0.010417
0 0.322266 0.705729 0.009115 0.010417
0 0.818359 0.869141 0.011719 0.011719
0 0.063802 0.853516 0.018229 0.016927
0 0.354818 0.373047 0.014323 0.019531
0 0.438151 0.438802 0.019531 0.015625
0 0.318359 0.273438 0.014323 0.013021
0 0.083984 0.266276 0.011719 0.011719
0 0.913411 0.946615 0.019531 0.015625
0 0.397786 0.774089 0.029948 0.027344
0 0.261068 0.591797 0.016927 0.016927
0 0.324219 0.330729 0.020833 0.015625
