0 0.576823 0.166016 0.013021 0.014323
0 0.007812 0.336589 0.013021 0.019531
0 0.289714 0.008464 0.019531 0.014323
0 0.255859 0.343099 0.016927 0.016927
0 0.693359 0.171224 0.019531 0.014323
0 0.428385 0.067708 0.015625 0.015625
0 0.005208 0.340495 0.010417 0.014323
0 0.682943 0.147135 0.016927 0.015625
0 0.115885 0.782552 0.015625 0.018229
0 0.037760 0.727865 0.015625 0.015625
0 0.634766 0.274089 0.019531 0.019531
0 0.937500 0.343750 0.018229 0.018229
0 0.210286 0.275391 0.016927 0.016927
0 0.269531 0.988281 0.013021 0.013021
