0 0.264323 0.697917 0.015625 0.015625
0 0.054688 0.521484 0.023438 0.019531
0 0.549479 0.540365 0.018229 0.015625
0 0.567057 0.488281 0.016927 0.020833
0 0.054036 0.852214 0.014323 0.014323
0 0.238281 0.449870 0.018229 0.014323
0 0.850911 0.509766 0.019531 0.016927
0 0.136068 0.302734 0.016927 0.014323
0 0.670573 0.647786 0.026042 0.019531
0 0.686849 0.555339 0.027344 0.019531
0 0.774089 0.139974 0.016927 0.016927
0 0.519531 0.488932 0.020833 0.019531
0 0.705078 0.473958 0.019531 0.018229
0 0.335286 0.333984 0.027344 0.019531
