0 0.815104 0.350911 0.018229 0.014323
0 0.598958 0.787109 0.023438 0.019531
0 0.737630 0.191406 0.019531 0.018229
0 0.413411 0.285156 0.027344 0.031250
0 0.991536 0.178385 0.016927 0.023438
0 0.095052 0.334635 0.028646 0.023438
0 0.882161 0.236328 0.029948 0.029948
0 0.755859 0.263672 0.027344 0.022135
0 0.599609 0.476562 0.022135 0.026042
0 0.522786 0.552083 0.014323 0.013021
0 0.611979 0.610026 0.013021 0.011719
0 0.519531 0.995443 0.015625 0.009115
0 0.078776 0.292969 0.016927 0.015625
0 0.114583 0.351562 0.013021 0.013021
0 0.899740 0.374349 0.018229 0.016927
0 0.025391 0.865234 0.019531 0.019531
0 0.679036 0.525391 0.027344 0.027344
0 0.216797 0.771484 0.027344 0.019531
0 0.733073 0.353516 0.023438 0.022135
0 0.557292 0.660807 0.018229 0.016927
0 0.925130 0.791016 0.032552 0.024740
0 0.100260 0.477865 0.023438 0.023438
0 0.988281 0.526042 0.018229 0.020833
0 0.468099 0.566406 0.014323 0.018229
