0 0.422526 0.542969 0.019531 0.018229
0 0.169922 0.141927 0.016927 0.015625
0 0.464844 0.399740 0.018229 0.015625
0 0.162109 0.683594 0.016927 0.018229
0 0.462240 0.126953 0.018229 0.014323
0 0.184245 0.193359 0.016927 0.014323
0 0.171224 0.527995 0.016927 0.016927
0 0.561849 0.095703 0.016927 0.016927
0 0.668620 0.527344 0.022135 0.015625
0 0.329427 0.518229 0.018229 0.013021
0 0.711589 0.313151 0.019531 0.016927
0 0.309245 0.478516 0.016927 0.014323
0 0.279948 0.465495 0.026042 0.022135
0 0.216797 0.414714 0.014323 0.011719
0 0.374349 0.580729 0.011719 0.015625
0 0.814453 0.768880 0.011719 0.014323
0 0.800781 0.537760 0.018229 0.013021
0 0.511719 0.427083 0.026042 0.018229
0 0.615234 0.402344 0.019531 0.015625
0 0.813151 0.634766 0.016927 0.016927
0 0.424479 0.437500 0.031250 0.033854
0 0.346354 0.376302 0.023438 0.018229
0 0.845703 0.644531 0.022135 0.020833
0 0.187500 0.464193 0.018229 0.016927
0 0.605469 0.203776 0.023438 0.027344
0 0.858073 0.819661 0.018229 0.016927
0 0.574219 0.380208 0.026042 0.018229
0 0.825521 0.638021 0.026042 0.020833
0 0.606120 0.317057 0.016927 0.011719
0 0.869792 0.291667 0.020833 0.020833
0 0.268229 0.389323 0.020833 0.018229
0 0.086589 0.673177 0.019531 0.018229
0 0.853262 0.483717 0.034102 0.028138
0 0.889036 0.454427 0.027344 0.023438
0 0.210924 0.597025 0.027344 0.035378
0 0.306706 0.632357 0.027344 0.023438
0 0.420430 0.494688 0.027344 0.023438
0 0.242969 0.481771 0.027344 0.023438
0 0.244167 0.532057 0.027344 0.023438
0 0.440195 0.353685 0.027344 0.023438
0 0.510143 0.368900 0.027344 0.032773
0 0.480013 0.355495 0.027344 0.023438
0 0.410794 0.391875 0.027344 0.023438
0 0.326836 0.426576 0.027344 0.023438
0 0.413411 0.011068 0.016927 0.016927
0 0.370443 0.490234 0.022135 0.022135
0 0.376302 0.007161 0.015625 0.011719
