0 0.478516 0.486979 0.040365 0.036458
0 0.009766 0.360677 0.014323 0.013021
0 0.293620 0.227214 0.019531 0.019531
0 0.240234 0.686198 0.019531 0.018229
0 0.604818 0.991536 0.022135 0.014323
0 0.796224 0.967448 0.032552 0.026042
0 0.397786 0.703125 0.027344 0.020833
0 0.756510 0.975911 0.023438 0.016927
0 0.015625 0.820312 0.020833 0.023438
0 0.378255 0.004557 0.022135 0.009115
0 0.009766 0.823568 0.019531 0.024740
0 0.490885 0.015625 0.020833 0.023438
0 0.102214 0.496745 0.022135 0.014323
0 0.835286 0.656250 0.014323 0.013021
