0 0.655599 0.022786 0.024740 0.024740
0 0.220052 0.600260 0.010417 0.010417
0 0.784505 0.388021 0.009115 0.007812
0 0.432292 0.410807 0.015625 0.011719
0 0.634766 0.995443 0.014323 0.009115
0 0.007161 0.422526 0.014323 0.019531
0 0.954427 0.116536 0.023438 0.022135
0 0.339844 0.794922 0.015625 0.016927
0 0.838542 0.483073 0.028646 0.028646
0 0.948568 0.888021 0.022135 0.023438
0 0.407552 0.507161 0.028646 0.027344
0 0.200521 0.495443 0.028646 0.027344
0 0.013021 0.148438 0.020833 0.020833
0 0.115234 0.414714 0.019531 0.016927
0 0.794271 0.973307 0.031250 0.024740
