0 0.122396 0.819661 0.023438 0.019531
0 0.727214 0.318359 0.016927 0.019531
0 0.009115 0.955729 0.018229 0.026042
0 0.716797 0.939453 0.019531 0.019531
0 0.459635 0.863932 0.013021 0.011719
0 0.080729 0.284505 0.013021 0.016927
0 0.367188 0.229818 0.020833 0.022135
0 0.200521 0.271484 0.039062 0.037760
0 0.050781 0.899089 0.031250 0.027344
0 0.507161 0.674479 0.024740 0.026042
0 0.040365 0.893229 0.020833 0.020833
0 0.019531 0.580729 0.036458 0.044271
0 0.198568 0.819661 0.048177 0.055990
0 0.845703 0.008464 0.016927 0.014323
0 0.624349 0.933594 0.014323 0.013021
0 0.392578 0.910807 0.040365 0.040365
0 0.061849 0.665365 0.024740 0.018229
0 0.577474 0.680990 0.032552 0.028646
0 0.565104 0.917318 0.010417 0.011719
0 0.737630 0.805339 0.019531 0.022135
0 0.009115 0.440755 0.018229 0.024740
0 0.319010 0.280599 0.023438 0.027344
0 0.261068 0.289062 0.019531 0.020833
0 0.279948 0.398438 0.015625 0.015625
0 0.053385 0.755208 0.028646 0.026042
0 0.059896 0.490234 0.028646 0.027344
0 0.639323 0.766927 0.018229 0.015625
0 0.169271 0.949219 0.020833 0.020833
