0 0.274740 0.623047 0.015625 0.016927
0 0.788411 0.326823 0.016927 0.018229
0 0.175781 0.994792 0.015625 0.010417
0 0.184245 0.628906 0.016927 0.018229
0 0.315755 0.393229 0.014323 0.015625
0 0.503255 0.698568 0.019531 0.022135
0 0.071615 0.667318 0.020833 0.019531
0 0.651042 0.317708 0.015625 0.015625
0 0.377604 0.992188 0.015625 0.010417
0 0.238932 0.011719 0.016927 0.013021
0 0.097656 0.283854 0.023438 0.020833
0 0.297526 0.513672 0.011719 0.011719
0 0.802083 0.345703 0.018229 0.014323
0 0.133464 0.187500 0.022135 0.028646
0 0.989583 0.172526 0.018229 0.016927
0 0.520182 0.801432 0.014323 0.011719
