0 0.188802 0.193359 0.018229 0.019531
0 0.095052 0.542318 0.026042 0.016927
0 0.210938 0.962891 0.013021 0.014323
0 0.176432 0.819661 0.014323 0.014323
0 0.264974 0.897135 0.011719 0.013021
0 0.360026 0.903646 0.011719 0.010417
0 0.078776 0.690104 0.014323 0.013021
0 0.054688 0.270182 0.015625 0.011719
0 0.286458 0.845703 0.018229 0.011719
0 0.077474 0.326823 0.016927 0.018229
0 0.189453 0.070964 0.014323 0.014323
0 0.365885 0.849609 0.015625 0.014323
0 0.128255 0.253906 0.014323 0.015625
0 0.372396 0.800130 0.020833 0.019531
0 0.115885 0.878255 0.013021 0.011719
0 0.285156 0.783203 0.015625 0.016927
0 0.020833 0.230469 0.018229 0.013021
0 0.112630 0.990885 0.016927 0.013021
0 0.013672 0.425130 0.016927 0.014323
0 0.112630 0.380859 0.016927 0.019531
0 0.073568 0.902995 0.016927 0.019531
0 0.217448 0.920573 0.013021 0.010417
0 0.285156 0.919922 0.013021 0.014323
0 0.345052 0.735677 0.010417 0.010417
