0 0.520182 0.177083 0.016927 0.013021
0 0.044271 0.126953 0.013021 0.011719
0 0.192708 0.021484 0.015625 0.014323
0 0.872396 0.154948 0.013021 0.010417
0 0.235677 0.638021 0.013021 0.015625
0 0.922526 0.621745 0.011719 0.011719
0 0.389974 0.063151 0.011719 0.011719
0 0.735026 0.306641 0.011719 0.011719
0 0.899740 0.191406 0.013021 0.013021
0 0.467448 0.964193 0.018229 0.016927
0 0.782552 0.501953 0.013021 0.014323
0 0.341797 0.583333 0.024740 0.020833
0 0.361979 0.635417 0.015625 0.015625
0 0.496745 0.860026 0.032552 0.029948
0 0.505859 0.058594 0.016927 0.018229
0 0.288411 0.016276 0.019531 0.019531
0 0.070964 0.094401 0.024740 0.019531
