0 0.932292 0.488281 0.018229 0.015625
0 0.949219 0.151693 0.018229 0.022135
0 0.823568 0.973307 0.022135 0.022135
0 0.652344 0.630208 0.018229 0.015625
0 0.838542 0.823568 0.023438 0.019531
0 0.548828 0.811198 0.019531 0.015625
0 0.731120 0.200521 0.019531 0.015625
0 0.686198 0.119141 0.023438 0.019531
0 0.736328 0.239583 0.014323 0.015625
0 0.852865 0.208984 0.018229 0.016927
0 0.817057 0.522135 0.022135 0.020833
0 0.443359 0.147786 0.016927 0.014323
0 0.041016 0.033203 0.016927 0.016927
0 0.724609 0.341797 0.016927 0.016927
0 0.868490 0.283854 0.015625 0.015625
0 0.459635 0.096354 0.020833 0.013021
0 0.874349 0.975911 0.024740 0.022135
0 0.916016 0.463542 0.016927 0.010417
0 0.667969 0.031901 0.015625 0.016927
0 0.250000 0.510417 0.020833 0.018229
