0 0.508464 0.227214 0.014323 0.014323
0 0.149089 0.430990 0.029948 0.020833
0 0.404297 0.685547 0.016927 0.019531
0 0.062500 0.775391 0.039062 0.029948
0 0.280599 0.970052 0.019531 0.023438
0 0.699870 0.325521 0.024740 0.023438
0 0.700521 0.640625 0.026042 0.026042
0 0.600911 0.785156 0.019531 0.018229
0 0.324870 0.757161 0.019531 0.016927
0 0.488932 0.928385 0.016927 0.020833
0 0.291667 0.724609 0.023438 0.016927
0 0.458984 0.851562 0.022135 0.020833
0 0.042969 0.696615 0.020833 0.018229
0 0.891927 0.478516 0.020833 0.016927
0 0.977865 0.809896 0.020833 0.015625
0 0.214844 0.968750 0.033854 0.031250
0 0.802083 0.582682 0.020833 0.016927
0 0.981771 0.935547 0.023438 0.019531
0 0.722656 0.016927 0.023438 0.026042
0 0.003906 0.959635 0.007812 0.015625
0 0.722005 0.017578 0.016927 0.014323
0 0.466797 0.141276 0.022135 0.019531
0 0.643880 0.967448 0.014323 0.013021
0 0.370443 0.383464 0.022135 0.019531
0 0.225911 0.597005 0.019531 0.014323
0 0.374076 0.243333 0.014323 0.014323
