0 0.570964 0.174479 0.011719 0.010417
0 0.730469 0.356120 0.015625 0.014323
0 0.613281 0.936849 0.015625 0.014323
0 0.558594 0.761719 0.020833 0.018229
0 0.291667 0.117188 0.018229 0.015625
0 0.307292 0.069661 0.015625 0.016927
0 0.656250 0.811198 0.020833 0.023438
0 0.014974 0.410807 0.019531 0.022135
0 0.143229 0.265625 0.015625 0.015625
0 0.113932 0.304688 0.014323 0.013021
0 0.584635 0.333984 0.018229 0.016927
0 0.427083 0.574870 0.018229 0.019531
0 0.514974 0.750651 0.016927 0.019531
0 0.024740 0.516927 0.018229 0.020833
0 0.822917 0.583333 0.013021 0.013021
0 0.595703 0.892578 0.011719 0.011719
0 0.402995 0.776042 0.014323 0.018229
