0 0.770833 0.899740 0.028646 0.026042
0 0.826823 0.305990 0.015625 0.013021
0 0.704427 0.219401 0.015625 0.019531
0 0.694010 0.198568 0.018229 0.016927
0 0.513672 0.030599 0.024740 0.027344
0 0.142578 0.004557 0.014323 0.009115
0 0.933594 0.025391 0.018229 0.014323
0 0.966797 0.755859 0.024740 0.024740
0 0.091797 0.964844 0.024740 0.020833
0 0.360026 0.679688 0.022135 0.018229
0 0.378255 0.036458 0.022135 0.023438
0 0.642578 0.160156 0.011719 0.013021
0 0.852865 0.707682 0.015625 0.019531
0 0.410156 0.173177 0.023438 0.023438
0 0.048177 0.214844 0.020833 0.020833
0 0.322266 0.191406 0.024740 0.023438
0 0.917969 0.775391 0.015625 0.014323
0 0.259766 0.022135 0.016927 0.020833
0 0.119141 0.862630 0.022135 0.022135
0 0.656901 0.081380 0.022135 0.022135
0 0.905599 0.270833 0.022135 0.026042
0 0.207031 0.610026 0.018229 0.016927
0 0.927083 0.501953 0.018229 0.014323
0 0.419271 0.071615 0.026042 0.026042
0 0.619792 0.110026 0.020833 0.019531
