0 0.958333 0.279948 0.015625 0.018229
0 0.159505 0.744141 0.019531 0.024740
0 0.495443 0.240885 0.022135 0.020833
0 0.166667 0.711589 0.018229 0.016927
0 0.260417 0.804036 0.023438 0.022135
0 0.707031 0.240885 0.013021 0.018229
0 0.124349 0.194010 0.029948 0.018229
0 0.292969 0.027995 0.015625 0.016927
0 0.287109 0.141927 0.024740 0.020833
0 0.538411 0.844401 0.016927 0.019531
0 0.052083 0.738281 0.018229 0.020833
0 0.304036 0.074219 0.024740 0.018229
0 0.037760 0.108073 0.018229 0.020833
0 0.245443 0.362630 0.019531 0.019531
0 0.735677 0.096354 0.018229 0.015625
0 0.345703 0.384766 0.022135 0.022135
0 0.305990 0.488932 0.020833 0.022135
0 0.522786 0.944010 0.019531 0.018229
0 0.697917 0.516927 0.023438 0.023438
0 0.358073 0.876953 0.023438 0.024740
