0 0.423008 0.032578 0.027344 0.023438
0 0.632975 0.784414 0.049414 0.031146
0 0.407721 0.293190 0.027344 0.023438
0 0.406641 0.259440 0.027344 0.023438
0 0.319375 0.293906 0.027344 0.023438
0 0.844596 0.173646 0.027344 0.023438
0 0.399089 0.475911 0.016927 0.014323
0 0.132161 0.326823 0.022135 0.018229
0 0.315755 0.244141 0.016927 0.014323
0 0.723307 0.204427 0.019531 0.015625
0 0.378906 0.292318 0.026042 0.022135
0 0.501953 0.061198 0.027344 0.023438
0 0.981120 0.560547 0.016927 0.011719
0 0.326172 0.733724 0.022135 0.024740
0 0.772786 0.302734 0.019531 0.016927
0 0.059896 0.264974 0.013021 0.011719
0 0.397786 0.768880 0.016927 0.014323
0 0.013021 0.424479 0.015625 0.015625
0 0.777995 0.038411 0.019531 0.022135
0 0.455729 0.930339 0.018229 0.016927
0 0.467448 0.662109 0.018229 0.019531
0 0.686849 0.738932 0.022135 0.019531
0 0.216797 0.442708 0.019531 0.018229
0 0.774740 0.719401 0.015625 0.011719
0 0.652344 0.960938 0.020833 0.018229
0 0.338542 0.171875 0.018229 0.015625
0 0.826172 0.126953 0.019531 0.014323
0 0.374349 0.929036 0.022135 0.022135
0 0.813151 0.388021 0.016927 0.015625
0 0.410156 0.218099 0.018229 0.019531
0 0.843750 0.957682 0.023438 0.014323
0 0.932292 0.202474 0.020833 0.019531
0 0.147786 0.858724 0.032552 0.032552
0 0.253255 0.039062 0.019531 0.015625
0 0.167969 0.173177 0.026042 0.020833
0 0.488932 0.767578 0.022135 0.022135
0 0.684245 0.636719 0.019531 0.018229
0 0.787109 0.218750 0.022135 0.015625
0 0.925781 0.796224 0.020833 0.016927
0 0.255208 0.565755 0.020833 0.022135
0 0.044271 0.188802 0.023438 0.018229
0 0.341146 0.680990 0.020833 0.020833
0 0.389323 0.414714 0.020833 0.019531
0 0.761849 0.062448 0.027344 0.023438
0 0.653646 0.099609 0.018229 0.016927
0 0.400247 0.063099 0.027344 0.023438
0 0.471628 0.036719 0.027344 0.023438
0 0.490885 0.121094 0.018229 0.013021
0 0.269531 0.121745 0.018229 0.022135
0 0.422526 0.328776 0.016927 0.016927
0 0.744141 0.870443 0.024740 0.024740
0 0.352214 0.085938 0.014323 0.015625
0 0.352865 0.709635 0.018229 0.018229
0 0.037760 0.529948 0.010417 0.010417
