0 0.164714 0.857422 0.022135 0.024740
0 0.393880 0.089193 0.014323 0.014323
0 0.031901 0.328776 0.011719 0.011719
0 0.115885 0.460286 0.013021 0.011719
0 0.337240 0.968099 0.018229 0.016927
0 0.091146 0.236979 0.015625 0.015625
0 0.257161 0.684245 0.014323 0.011719
0 0.228516 0.778646 0.016927 0.015625
0 0.251953 0.751953 0.016927 0.016927
0 0.520833 0.768880 0.015625 0.014323
0 0.584635 0.673177 0.013021 0.015625
0 0.078125 0.580078 0.013021 0.011719
0 0.047526 0.577474 0.014323 0.014323
0 0.199870 0.149089 0.024740 0.019531
0 0.389974 0.906250 0.016927 0.015625
0 0.776693 0.195964 0.014323 0.014323
0 0.264323 0.835286 0.023438 0.022135
0 0.152344 0.648438 0.023438 0.020833
