0 0.569010 0.936849 0.020833 0.019531
0 0.240234 0.386068 0.016927 0.014323
0 0.277995 0.800130 0.014323 0.014323
0 0.531250 0.929688 0.020833 0.020833
0 0.129557 0.757161 0.016927 0.019531
0 0.139323 0.136068 0.020833 0.014323
0 0.565104 0.986328 0.018229 0.016927
0 0.499349 0.802734 0.014323 0.014323
0 0.795573 0.509766 0.015625 0.014323
0 0.272135 0.800781 0.020833 0.018229
0 0.227214 0.995443 0.014323 0.009115
0 0.235677 0.807292 0.015625 0.020833
0 0.356120 0.867188 0.014323 0.013021
0 0.567708 0.505208 0.018229 0.018229
0 0.042969 0.328776 0.023438 0.024740
0 0.222005 0.603516 0.016927 0.014323
0 0.891276 0.958333 0.024740 0.023438
0 0.197266 0.039062 0.027344 0.023438
